11.3990 13.5022 3
3.8341 3.6993 1
6.9996 15.6635 3
9.9988 8.0423 4
12.7689 13.6284 3
3.1988 10.9139 3
2.2074 11.6496 3
10.5353 9.8683 3
13.0023 13.8534 1
2.2483 8.6967 3
13.7610 11.8160 3
2.2600 3.5051 5
13.8495 13.4064 3
3.3859 7.7560 3
12.9736 3.0265 3
3.0989 7.8803 3
6.2506 14.3192 1
10.7175 9.3890 5
12.6092 13.9888 1
3.3514 2.8110 3
12.8710 13.7213 5
2.8421 6.8633 3
13.4015 13.2756 1
8.9200 2.5022 5
13.7391 13.6405 5
2.3936 3.8073 4
12.0300 4.3313 1
4.0891 9.4590 4
12.7690 14.1334 3
3.8203 10.4426 5
12.5095 8.4908 3
2.7977 11.1135 1
6.8728 4.7378 3
9.1558 7.6660 3
13.6563 13.2423 3
8.9649 4.6337 3
8.0463 13.5207 4
9.6029 8.9547 4
13.8939 2.5150 5
3.1238 7.9713 3
13.5049 7.3060 4
9.9821 10.6128 3
13.0932 15.8378 3
0.8534 7.1723 1
6.8381 7.1993 1
10.2115 11.0162 3
11.8678 2.1133 1
10.3904 9.2044 3
13.9057 13.6954 3
8.2201 3.4346 3
2.5195 12.0399 3
10.2514 4.4920 1
6.2993 3.4149 1
9.2873 10.2648 1
3.2344 14.2134 5
7.8934 3.7873 3
12.1135 1.3006 3
2.0353 10.9862 3
14.2182 8.1756 3
10.7110 7.1774 4
14.4293 3.1293 3
1.3670 7.9493 4
6.6718 13.2051 1
9.0244 3.2236 3
14.0027 11.3185 5
2.5694 2.1976 3
13.8716 5.1396 3
3.4299 11.1626 4
13.4904 2.8526 3
1.7699 3.3307 5
13.3369 11.2847 5
3.0775 3.2139 3
3.4375 14.4853 3
7.8063 8.9767 1
2.4615 6.0011 3
10.1917 13.1294 1
12.9137 14.5828 3
8.4707 3.5785 3
11.9016 13.7122 2
4.0150 0.8786 1
1.8021 12.8420 5
9.8979 2.4843 3
13.2646 8.9946 3
2.6191 10.7499 4
14.5625 4.2671 3
2.5508 7.3915 5
8.0502 13.2638 5
9.6215 4.0381 3
7.2201 14.2691 5
9.2417 9.8200 3
14.5712 12.7964 5
2.7654 10.2618 3
8.2723 4.1325 3
9.6116 9.3356 3
11.2148 14.2104 3
2.1799 2.4106 3
12.4268 13.4145 3
3.1131 2.8314 4
11.1252 2.4774 3
3.0684 9.5654 3
14.3141 11.8039 5
2.9157 3.3814 3
7.7888 6.4375 1
8.9838 10.0187 3
7.6373 7.1630 1
10.3320 9.4364 5
7.1845 7.8466 3
9.1922 8.3784 1
14.5042 7.0350 2
7.6993 9.3225 3
11.0872 3.7415 3
4.0900 8.4819 5
12.7517 12.0407 5
1.8466 1.7501 3
13.8338 15.2398 1
2.3226 10.2064 3
13.4340 1.8854 3
1.5787 9.0083 4
2.2812 12.4552 3
7.3553 3.5461 5
13.8033 13.0765 1
3.0731 3.0584 5
4.1842 13.5457 1
7.8842 11.3406 5
7.1349 12.3136 3
9.9028 6.6979 3
13.0446 10.5750 3
3.6334 5.0114 3
10.8034 4.0214 3
9.3624 9.8442 2
14.4779 12.6714 3
3.3031 3.1885 3
14.4730 13.3547 3
2.3460 3.6914 3
3.4941 13.3469 3
8.3047 2.7441 3
12.6873 11.8588 3
4.4437 2.5799 3
14.3698 12.7735 3
10.0680 2.3700 5
14.2445 4.4298 5
9.7365 1.4837 1
13.7850 12.8406 5
4.6813 2.7137 1
13.0011 14.2672 3
3.3782 9.1576 3
6.8977 12.5951 1
11.3114 2.4170 4
13.5831 0.4021 5
3.0232 3.6996 3
8.0595 7.7340 3
10.5719 9.8046 1
10.6334 11.9886 3
2.9531 3.0704 4
12.4213 7.3032 4
3.7027 7.3357 3
3.5366 3.9165 1
1.7030 9.2644 3
7.4210 6.6147 1
8.7753 10.6218 1
13.7921 13.3780 4
9.1255 2.0600 2
12.8363 2.6729 1
2.6102 2.3973 3
12.1246 12.1108 3
3.0516 1.9556 2
2.8997 3.2183 1
9.1567 8.7160 4
12.7199 7.9524 2
2.1838 9.1604 3
12.4739 14.0383 5
10.7511 6.7389 4
14.4586 14.3351 5
9.8449 4.8109 3
14.6681 15.5439 5
2.2886 2.2302 3
14.2063 2.0675 3
8.2458 10.2555 4
13.0282 1.8219 1
3.5311 2.6292 3
13.3679 13.6343 4
7.0224 2.3098 3
12.5688 12.9622 3
3.3258 1.3672 1
13.4265 12.4320 1
3.6946 2.5571 4
13.1396 8.0997 3
3.7348 10.2893 1
12.5097 13.7074 3
3.0358 10.7911 3
13.0388 7.0783 3
2.1866 9.1224 3
12.6557 14.0702 3
1.9400 9.5904 3
3.5722 2.1706 1
10.4201 8.3523 3
13.2106 13.8686 5
1.4634 4.5044 1
11.7676 14.3189 1
2.1171 2.7891 5
12.0926 14.3143 5
10.4083 8.0371 3
13.1860 6.0920 4
3.5328 10.2451 4
6.6502 6.3993 3
10.3829 11.2714 5
12.7091 6.5054 5
3.2411 10.3725 3
8.0422 14.2477 1
10.2114 8.7552 5
14.3790 5.7100 3
7.9401 9.9129 1
13.7267 13.9052 3
3.5487 5.3068 3
9.3536 8.7969 5
10.0686 9.7068 5
2.0166 12.6819 3
3.1049 2.1597 3
15.2006 12.2337 3
4.8982 3.4841 1
14.8652 12.7197 3
2.8104 8.5777 1
12.6930 13.4565 4
9.2536 3.5955 4
12.1280 13.3247 1
7.8467 10.4864 5
14.4871 13.7320 1
3.0421 4.1332 3
8.5777 14.2168 3
9.8786 7.1782 3
10.8538 7.6627 1
1.5576 9.8994 1
12.2028 3.4711 3
2.2947 7.5591 1
4.7080 6.9857 5
8.9526 9.8582 3
12.8641 6.4994 1
3.0231 10.0268 1
13.7305 7.3885 3
9.6868 9.5327 3
6.7737 13.0773 3
9.6059 3.3996 3
12.8550 14.4257 3
9.8481 2.5871 3
8.3164 13.8711 1
10.1273 8.3320 1
13.2328 7.7641 3
8.8880 10.0171 3
12.6306 6.7219 1
1.0046 8.8515 3
13.8190 13.2306 1
2.0876 2.9511 3
12.7134 13.9643 3
3.1692 9.2071 1
12.6365 12.4370 5
3.9228 2.8266 5
12.1047 12.0121 3
3.1265 2.8234 1
2.6856 8.2561 3
3.2351 8.5474 1
12.6440 13.4146 5
4.8578 5.3175 3
12.3313 13.0195 4
3.2666 2.9586 1
13.5978 7.5232 4
3.5401 8.9637 4
13.7107 3.1736 3
3.0008 9.0116 3
11.3549 12.2120 3
1.2762 5.2697 1
13.1806 3.4161 5
2.9858 6.0964 4
13.3720 2.9270 5
1.5710 9.1989 3
13.0628 12.3129 1
2.8040 9.1463 1
13.3109 1.1814 3
2.4842 6.7520 3
12.3997 13.6303 3
9.7960 9.1396 3
13.5864 12.9298 2
7.7432 1.1131 5
7.5571 13.2924 4
10.3975 8.7476 4
12.7931 10.6779 3
9.2437 3.1861 3
7.4151 12.8307 3
9.9663 2.1895 3
13.4269 12.7391 3
2.3640 1.8902 2
14.7486 5.3678 5
3.0555 11.1503 4
7.7537 12.1783 1
11.0922 2.7609 2
2.6397 15.0924 1
8.5682 3.2888 1
13.4501 1.8712 3
9.8865 9.5494 3
12.5517 6.8965 5
2.1955 10.1031 4
12.4257 13.5120 1
4.0624 10.8254 3
6.9860 6.9459 3
9.2026 8.3709 1
11.1263 3.2384 4
2.2034 7.7380 3
2.3126 11.7416 5
7.8070 2.5803 2
2.9801 5.6406 1
11.0806 9.5511 2
11.8199 12.5865 1
2.5545 10.3520 1
6.8028 12.1387 3
11.5517 4.7182 3
12.8434 12.7102 3
2.4104 2.7635 1
7.2211 11.9976 3
10.3066 3.6546 5
7.7354 14.1030 1
8.3872 3.1781 1
3.0736 12.6083 1
8.1163 0.1597 3
3.0882 4.9933 3
2.4405 7.9301 3
6.2389 11.7492 4
10.8422 2.0973 2
12.3045 12.3004 1
3.9943 3.3336 4
14.4703 13.4915 5
2.2595 9.6163 3
4.5247 11.9945 1
2.2441 3.4419 1
9.9703 6.6419 1
9.0131 10.0240 1
3.4206 14.3426 3
10.6970 2.7561 5
3.5431 2.0710 3
2.4194 8.9438 5
12.7412 13.4264 3
2.6072 3.7832 3
13.5164 11.5921 1
9.0396 2.9938 3
3.6701 0.6948 4
11.1611 8.1910 3
14.9529 8.2608 5
10.1041 9.9855 1
11.1501 2.4968 1
2.5618 7.7758 1
13.5111 11.5309 1
8.7887 2.5026 1
12.3079 6.8200 3
3.0970 8.9656 3
12.6511 13.1374 3
2.1978 3.3671 4
3.5072 8.1684 3
10.0439 10.2828 3
5.7775 3.8340 5
8.9252 8.0029 3
12.9527 1.3334 4
4.2900 7.7882 3
2.1403 11.4943 3
8.4068 2.3164 4
13.0644 11.7562 3
4.0933 1.1746 3
11.6179 4.2479 3
3.3771 2.4686 5
7.0122 12.3568 3
10.0077 1.2666 5
6.9008 3.8728 1
10.0548 9.8938 1
2.2042 13.8427 3
8.3446 9.3656 3
12.0851 6.0994 5
2.2146 9.0219 3
7.2599 2.0406 1
8.4694 1.5540 3
13.6227 6.3063 5
2.3785 9.2024 3
10.9037 12.5092 3
3.3523 3.3039 2
13.6895 6.4967 4
4.5985 10.0571 5
13.5748 13.8981 3
4.5494 9.7593 3
11.6079 14.5678 3
1.9304 9.6386 1
13.6132 14.0177 5
2.2928 2.9468 3
4.9893 13.3607 1
10.6754 3.6822 3
12.7486 11.7236 1
2.4887 4.2376 3
15.4130 2.1288 2
10.7461 8.2548 5
6.7216 12.6676 5
9.8628 1.7716 3
8.1594 6.4719 3
10.6997 10.3476 3
14.0409 7.6031 2
9.1754 7.9768 5
13.9646 11.0880 3
9.8270 3.9461 3
12.0609 10.5690 3
3.1975 3.1584 1
1.7086 13.8116 3
8.3376 9.1267 3
2.2071 2.7240 4
9.3713 8.9559 4
13.6266 6.2403 3
4.1594 8.2947 5
12.1300 2.4428 1
10.3838 4.2596 3
15.3245 12.1578 4
10.5965 3.9919 3
15.0026 3.2056 3
3.6014 8.1673 4
7.4685 7.7558 3
10.6599 8.5846 4
13.5384 6.3719 1
8.9718 11.1747 5
12.4379 14.8058 5
5.5500 3.1122 5
8.3512 10.7849 5
9.3258 1.3236 5
13.4031 12.7962 5
4.9231 2.6118 3
12.7419 14.0378 3
1.7663 2.3075 1
12.9986 13.7057 3
9.3915 2.4609 3
13.5224 7.0412 1
9.1463 10.5264 4
12.0515 8.1688 3
2.4870 9.9403 3
12.9209 12.1744 3
2.0652 2.2375 3
14.9615 13.0868 3
2.3354 2.5998 1
7.5588 13.7568 5
9.1689 1.3161 5
12.8582 3.2700 4
3.1137 2.0234 5
7.6425 11.9619 3
8.9047 2.5636 3
4.1102 14.2409 4
9.1322 3.2070 4
5.7256 3.6605 3
10.5332 1.8861 3
9.2271 12.0176 1
8.4065 4.8044 5
12.4042 5.4650 3
8.6519 9.0300 4
8.4472 7.5241 4
7.5253 7.5986 1
12.9715 12.0890 4
1.7286 9.1329 1
13.4580 14.0975 4
0.5488 0.9494 3
11.3459 8.2079 3
3.7180 11.9515 1
7.0364 13.8041 4
10.6462 4.0906 2
5.5253 1.4406 3
10.9836 8.3914 4
12.7762 14.7470 3
2.7574 8.6718 1
8.7240 1.6348 5
10.0269 8.6879 3
14.9174 12.6267 3
11.5828 2.8166 5
12.1581 14.0993 5
3.1719 9.2917 5
6.8660 1.8490 3
8.8315 9.9653 3
6.9998 7.6620 5
8.6448 9.7549 3
13.7046 11.8499 1
3.5742 2.1863 4
11.3781 11.7614 3
3.6373 2.9386 1
11.4532 8.0155 3
2.0934 9.0190 3
12.2770 15.1641 4
4.5512 2.9184 3
12.9269 8.6459 1
2.9003 9.3017 3
13.7608 12.1245 3
2.4913 8.0293 1
6.2539 7.5596 3
10.2662 9.8144 3
6.1850 13.0449 3
8.9875 3.1236 3
13.3438 2.9959 3
4.1561 2.1650 3
13.1864 3.2291 4
3.2118 8.5654 3
5.9339 14.4822 5
9.6425 7.0875 3
12.6471 8.3626 3
4.3138 9.7535 3
6.8386 13.3807 3
8.6914 3.3827 3
12.9951 4.1813 3
3.8155 1.9178 5
13.6609 12.1694 3
3.3576 3.7222 3
6.9752 14.3032 3
10.5710 2.9296 3
14.5241 4.1828 1
6.7074 8.7770 3
13.8301 13.9103 3
8.4310 9.7203 3
12.4021 12.1854 2
2.8542 1.9772 1
5.9079 13.8778 4
10.2210 7.5982 1
11.4489 3.4346 1
1.4688 10.8013 4
7.2409 13.8391 4
9.5265 7.5536 5
13.2835 7.8639 3
7.3404 7.4071 5
13.7223 2.3802 3
3.4964 9.0015 1
4.0458 6.3772 3
8.8999 10.8552 3
7.3863 11.8941 1
9.1246 9.3196 3
4.4953 12.6285 5
8.1147 2.1966 4
2.5272 14.9721 5
8.9096 2.4121 4
12.3478 2.7185 4
3.5588 10.1734 5
11.5339 13.4356 3
3.1556 3.3588 4
11.2170 13.0899 5
3.0552 3.0307 4
7.3912 6.2442 1
11.5177 9.4987 3
15.2382 3.1883 4
7.3780 4.0198 5
5.3521 12.5693 1
7.9269 2.5655 1
14.6359 7.7241 1
9.6091 8.9637 3
13.4262 12.3666 5
3.7644 3.0380 5
8.5536 13.2497 3
10.7472 3.0183 1
7.7717 6.4582 1
10.9514 10.1318 5
11.7555 1.9164 3
2.7606 7.9148 3
12.9403 11.6670 1
2.5087 4.1714 3
12.5668 7.0215 5
4.2029 8.3179 3
13.4190 6.8715 5
2.7837 10.4964 3
3.2644 4.1570 5
3.4107 7.1126 4
12.9618 6.9519 3
9.8327 9.0074 5
2.8630 14.4453 3
9.8552 3.0354 4
1.3115 7.5313 3
8.5634 9.8982 1
13.8544 13.5612 3
2.6604 2.7186 4
13.7212 8.5060 3
2.5947 9.4741 4
14.1696 12.6372 1
4.1298 9.3677 4
12.0047 12.5468 1
3.5011 5.5656 3
13.3988 13.5678 3
1.8342 6.2108 1
4.9474 8.3353 4
1.8942 9.9943 5
13.6274 13.8699 1
9.9968 4.7922 3
3.0140 7.0567 3
10.2338 10.7161 1
8.6783 15.2179 3
9.3641 0.9643 3
4.4682 6.7228 1
2.2913 10.4663 1
7.2460 12.9249 3
10.5711 4.5085 4
6.7717 2.5118 3
9.6653 7.8663 1
12.8499 13.4225 1
3.6841 2.7615 4
13.6948 13.3558 4
5.0409 2.4077 1
13.9902 14.7992 3
9.0376 4.6134 3
2.5707 8.1448 3
8.6501 9.2151 1
6.2071 6.9856 5
7.6299 9.8741 2
12.5013 12.4367 3
0.8624 3.1875 4
13.7058 2.5137 3
1.7207 9.9730 4
5.7069 13.5714 3
9.0736 7.8983 1
2.6891 7.5883 4
8.2530 8.5284 5
12.4659 13.9703 5
2.6563 2.3463 5
13.2454 13.0310 3
8.3298 3.7201 5
3.3725 12.1439 2
1.5968 4.7820 3
7.3849 2.4480 4
10.3469 6.9895 3
4.1083 13.8381 3
1.6024 8.5046 3
6.9175 14.8278 3
10.0165 9.2905 5
9.9929 11.7809 5
11.2768 3.0281 3
13.3126 12.0979 3
2.2603 4.3724 4
13.9314 13.3362 3
3.9588 3.4896 4
14.2642 12.6103 1
2.8856 2.8556 3
9.1902 11.6848 4
9.9599 2.8103 4
13.1056 3.3652 3
3.9006 9.4679 5
13.4844 12.8749 4
9.2851 3.3256 1
7.7654 5.9265 3
11.0791 10.3583 3
7.0306 13.0186 3
10.0660 2.4464 5
6.8958 13.3606 3
8.2054 3.6396 5
14.3655 12.9118 3
3.2903 5.1077 1
13.9510 7.3137 4
3.5906 9.4662 5
12.5647 9.1102 4
2.7751 12.6332 3
1.7161 13.7903 3
9.5035 8.4565 1
4.5044 14.2438 1
2.1969 2.1736 3
5.8147 14.3842 3
9.9975 2.6680 3
2.2001 12.4515 5
9.9721 9.5681 5
11.4085 14.1626 3
8.9991 9.2922 4
13.3678 12.3807 1
3.7650 2.1335 4
7.4611 3.5456 5
10.3252 7.8484 5
6.4743 13.4246 3
10.2635 3.6276 1
6.6662 14.1079 3
10.7644 2.8225 1
6.4107 13.8172 4
8.9874 8.0120 3
12.7204 13.6904 4
3.7194 5.0929 5
12.2545 11.6085 5
8.4319 4.4133 1
13.4610 10.2540 5
1.5369 3.2710 1
11.8629 11.2480 5
8.1607 2.3446 5
14.2447 13.4525 1
2.6168 3.9832 3
12.4127 11.2442 4
1.5950 1.6639 3
5.8580 6.9046 2
12.3243 9.0203 1
13.3454 2.2989 1
2.8446 9.4373 1
3.5401 6.1487 5
9.1709 9.3701 1
11.2840 5.3795 3
4.7271 8.8962 3
11.7268 13.5510 1
7.7876 3.6204 1
8.5601 2.7681 3
8.6992 9.8691 3
7.1174 13.3217 3
8.2374 2.6412 4
6.7839 12.3852 3
10.2917 8.9367 3
7.1320 12.1228 3
9.3823 2.5980 3
8.5587 7.8292 3
9.1407 9.9966 3
11.6180 13.3873 1
2.4916 1.4377 1
12.4497 13.5270 5
4.5971 3.7873 3
12.3089 1.7532 2
4.0621 8.3735 1
4.1512 13.0311 4
7.9746 4.4432 3
11.6670 4.2958 4
4.0393 6.9465 3
14.7034 13.3342 3
3.1477 2.8833 3
10.7209 13.0430 1
8.9353 2.6662 3
12.9525 4.5393 3
2.5300 4.2471 5
3.2930 8.6971 5
8.2782 11.4406 3
13.5970 11.7645 3
2.1268 7.6233 3
12.8592 3.3591 1
2.3414 9.7635 1
2.9343 11.4879 4
8.2331 7.1986 3
12.6296 6.5556 3
2.6821 10.2680 4
13.1910 2.9620 3
2.6353 9.1801 4
14.4118 3.8044 5
3.1605 7.0476 1
13.5180 13.4466 3
9.7787 2.3543 3
12.8972 3.5886 3
4.5681 10.4598 1
14.6296 13.6747 3
8.0269 2.4612 5
7.2212 3.4258 3
12.2347 7.5188 5
7.6138 13.0110 2
10.4123 9.2772 3
14.2536 14.4034 3
3.2026 2.6680 1
14.5876 13.1437 3
4.3041 3.6131 3
14.2018 14.9745 1
10.8549 3.0652 3
13.4446 13.8410 1
3.6586 7.9455 4
6.9840 14.6724 5
9.2910 1.9719 3
13.2797 6.1152 5
3.2055 9.1167 1
13.1015 12.7838 4
9.1318 2.3997 2
13.3354 13.2308 3
4.4725 2.0748 3
13.3926 8.3900 5
4.9121 9.1748 5
3.3923 6.2309 1
1.1445 10.2078 3
3.8649 8.4741 3
8.0330 9.7449 1
12.7449 6.8786 3
10.2448 11.6474 1
12.9788 2.8157 3
4.4864 8.2642 1
14.2708 13.3580 3
3.3214 2.5393 5
12.4909 13.6187 1
4.0512 3.9319 4
7.9824 3.5802 1
10.0515 9.1587 2
16.3195 12.6857 3
9.7001 4.8297 3
12.0510 8.0325 5
2.8205 10.8747 4
5.5566 6.6861 3
10.4280 9.2713 4
12.2491 14.9057 3
3.9527 7.6422 3
7.1446 11.8540 1
9.7351 2.3732 3
12.8347 12.0131 1
3.3734 3.5864 1
2.4942 7.6277 5
1.9331 8.5058 3
12.5130 4.8459 2
8.5953 9.1054 5
13.8569 3.9453 5
10.5232 8.0740 5
13.7802 12.5532 3
1.3803 4.0129 3
12.0425 12.7611 3
4.1353 3.1501 3
14.2068 6.7896 3
3.2909 9.6216 1
3.5265 13.0729 1
1.8793 2.1499 1
15.0383 12.6679 1
8.1476 2.9707 4
12.8189 11.6300 5
4.2543 2.2617 4
12.1413 8.2236 3
2.7268 8.7010 5
13.5635 7.2353 1
5.6461 8.2781 5
6.6657 8.0994 5
8.3840 9.8985 3
13.5632 13.7782 3
2.4742 2.7937 3
13.4075 7.8708 1
3.4951 8.7394 1
3.7481 14.2142 5
7.9079 0.9862 1
3.7297 13.0816 1
7.8754 2.5661 3
11.2298 13.7606 3
3.4318 8.0993 5
13.2516 9.3526 1
9.5949 10.1938 3
7.0454 1.8948 1
10.1687 9.9210 4
11.5200 7.7415 3
3.4423 9.9259 3
4.4104 12.1320 4
9.7624 4.5068 3
12.9096 12.1502 4
3.5512 1.9142 3
13.6682 8.9068 5
3.6941 9.9887 1
2.4515 11.7157 3
10.4638 7.7421 3
12.4275 12.6884 1
2.4023 3.4033 3
4.1500 5.0176 3
8.0161 10.2793 2
5.9549 13.6194 3
9.8610 3.2210 5
15.2518 12.2327 4
9.1953 3.5943 5
12.9665 7.4515 3
8.5853 8.6491 1
13.7895 15.1981 3
9.4145 7.3624 3
14.0476 12.2570 1
7.3847 2.7490 3
13.9051 7.1487 3
7.0962 11.6651 5
11.7950 3.8379 1
9.9471 9.4386 3
11.5936 7.2797 3
3.3887 8.0837 1
12.9165 12.7728 3
3.3324 2.0826 5
7.6153 2.6029 3
9.2083 9.8085 3
13.0006 14.6506 5
2.1163 1.5197 1
14.7720 2.6576 3
1.8475 6.9166 1
6.7190 3.6685 5
7.9657 9.0518 3
2.4104 11.7006 4
9.0473 9.9084 3
13.9096 7.4975 1
2.1815 11.0565 3
13.0448 6.9382 3
4.7987 10.3014 5
12.4900 0.7252 5
2.7486 8.4083 3
13.7692 13.0876 4
2.7204 2.0906 3
12.1621 3.6186 5
2.9390 8.6907 1
8.4935 11.8293 3
8.9540 3.9390 3
12.3093 11.9526 5
8.2938 4.1165 5
11.3783 13.0057 3
7.8648 8.8241 5
3.5496 14.1911 1
9.0707 2.9971 4
12.1111 13.5490 3
9.6209 2.4447 5
12.4829 7.2561 3
4.8616 10.1654 5
12.1686 13.7097 4
5.3015 6.4042 4
3.2130 13.3452 3
10.1760 9.4154 1
4.6985 7.7350 3
8.6902 9.1221 5
13.1356 12.1529 4
3.5676 3.8065 5
12.9197 12.7593 1
2.7141 0.6840 3
7.8137 13.1546 2
10.1111 3.1473 4
12.4639 12.6019 5
10.8566 4.3088 3
13.0635 5.6555 3
4.7606 10.6155 4
1.9457 12.9095 3
7.9405 2.7295 4
2.2928 12.4338 1
8.4907 3.1989 3
5.6164 12.8936 3
8.8823 3.4344 3
3.9474 12.4896 3
8.1041 3.7009 3
7.8228 14.8378 5
9.2374 0.5406 3
1.7005 7.1871 3
7.6110 10.6768 3
13.0545 11.0251 2
4.6607 3.2858 2
12.2675 3.7362 3
4.0079 9.0857 1
6.4655 13.9286 5
8.1953 9.0752 3
0.4472 13.6866 1
9.9130 2.8847 4
2.7159 14.2263 3
1.7418 7.9695 5
12.3124 2.1483 2
3.9159 8.7167 4
3.2928 12.8620 3
9.3037 1.3306 1
12.5958 14.4281 4
3.6165 8.2732 4
6.2547 14.4441 3
9.8218 9.3200 5
12.2281 3.8852 3
7.7571 7.2788 5
13.3453 7.1986 3
2.9974 10.4152 3
13.1872 13.1655 1
3.2839 2.8200 3
13.6519 13.7460 3
9.7970 3.1414 3
14.7709 5.1679 1
8.8272 3.5468 3
11.7819 14.1050 3
8.5801 2.9744 3
13.8167 14.7191 1
3.9852 11.1281 1
13.4293 14.9723 3
3.3553 3.0043 2
13.8418 13.1960 4
9.5638 8.8775 5
12.2656 13.4165 5
3.1493 8.4046 3
7.5814 12.3251 3
10.0779 7.5229 3
4.6847 7.5144 3
6.8599 11.1959 3
13.3606 11.6675 3
3.0164 2.5538 4
7.9764 12.7322 4
10.5709 2.8199 4
13.2198 2.7543 3
2.3600 2.1167 2
13.3679 7.0694 1
1.5643 8.7111 3
4.2640 13.3037 1
8.8506 2.9834 1
11.6849 2.4832 1
2.1259 7.6948 1
5.4864 12.1631 3
10.7396 2.5725 1
14.1843 2.3188 4
2.6306 0.8173 3
12.1858 12.9674 3
3.0601 2.4900 1
7.2448 15.2177 5
9.3707 3.4552 2
12.0802 13.2123 5
3.4335 5.7446 1
13.0118 12.9152 5
4.3978 2.1590 1
12.0048 7.3626 1
2.0863 9.6681 1
12.0167 11.7966 4
3.1290 4.1600 5
12.0645 7.7736 1
2.7415 9.3628 1
11.1329 14.6823 3
2.5436 3.3222 4
2.4029 7.4496 3
7.8501 9.6599 5
12.8757 14.5418 3
3.5569 9.4092 3
13.8393 13.4427 3
7.4355 1.9727 4
12.1390 13.8997 3
3.9439 3.3917 1
13.7869 11.1709 5
3.0462 2.9344 3
12.4193 13.0656 3
3.7438 8.8646 3
13.0081 16.2613 3
4.1316 7.3537 5
13.1700 13.2664 5
2.8970 8.9737 5
12.6969 12.5519 5
3.3211 2.2483 3
13.0512 12.0136 5
8.1715 3.0701 4
11.5923 12.3234 5
4.8964 8.8063 3
11.0095 12.6619 5
3.1200 8.8963 3
12.2514 6.9862 3
2.7027 7.8264 1
12.5638 3.2596 5
2.2965 8.2457 1
6.5719 12.9813 4
9.8410 4.1623 3
11.6596 13.2680 5
1.8181 3.1739 4
11.2528 6.4829 1
2.3574 8.3548 5
13.2343 2.5667 1
3.5584 9.3561 4
2.8938 12.3419 3
1.0441 2.1048 3
8.0758 14.4010 4
9.6129 2.3286 3
2.5733 13.3772 4
8.8817 9.0448 1
7.2557 12.1736 4
11.1526 3.7690 3
8.0612 2.6029 3
9.6076 8.6665 1
3.6401 1.9606 2
9.1758 7.3428 3
3.7316 14.2050 5
9.0110 10.2640 1
12.5492 5.6031 3
7.7666 9.6046 3
10.2850 13.8784 3
4.4976 9.6439 1
12.7753 12.3956 4
9.2097 5.5883 3
12.5958 11.5872 5
4.0649 4.0738 5
6.6128 7.2153 4
9.9864 9.1728 3
10.9749 11.0954 3
4.9803 9.6954 4
15.1374 7.4767 3
3.1832 9.7331 1
7.2270 8.0672 1
11.9283 10.1291 1
12.7626 8.1025 1
2.1683 9.6226 4
12.8249 12.5409 3
10.0426 2.2097 5
5.0442 12.8523 4
9.5055 3.5221 3
12.9041 6.9825 3
9.1750 10.1035 5
3.5711 12.8673 5
7.8101 9.7943 3
4.0745 12.8534 4
9.6409 1.6729 3
13.3346 2.9158 3
7.6918 8.0262 3
13.4803 8.0929 3
2.2309 9.8430 3
2.8654 12.8585 2
8.5524 3.4841 3
11.0851 14.1772 5
8.1413 2.0269 3
3.1702 11.5621 2
9.0289 10.3292 1
8.9942 5.0734 3
8.3549 7.8656 1
12.8186 12.7618 4
2.9975 8.6947 1
4.1689 1.8333 3
8.4618 7.4192 2
12.0187 14.9378 3
9.1860 4.0050 4
5.7983 15.8539 1
7.7008 2.6395 5
6.7011 6.7659 3
11.2012 10.4290 3
5.1033 7.4738 4
8.6207 9.1156 2
13.5603 12.5591 3
1.2455 3.5867 3
12.0200 3.4321 3
8.8663 9.9970 1
13.5059 11.6679 5
7.7216 8.7138 1
11.7764 13.2092 5
3.6825 2.5162 4
8.7024 15.0888 3
10.8181 9.1413 3
7.8165 15.1909 5
9.8860 9.2767 1
12.3806 1.1328 1
8.9274 9.6165 1
14.2050 13.8465 5
2.8184 3.5526 1
12.7134 11.6707 3
2.2701 2.1468 1
6.5349 3.7514 3
8.0777 9.3649 3
14.0390 8.0380 5
3.5442 9.2927 3
13.0311 13.0189 5
9.6819 3.4658 3
12.6489 13.3451 5
2.6426 2.2647 1
13.9950 14.1269 4
7.6938 8.8378 1
13.0932 13.7532 1
3.0284 2.7584 1
12.1970 12.1529 3
9.3768 5.0815 3
3.5026 2.7861 5
8.8766 1.1436 1
12.3911 11.2585 1
3.1001 1.9071 3
13.0401 13.5461 5
8.9426 2.9819 3
11.6936 3.0868 3
2.7736 8.7757 1
3.9260 14.9150 3
8.2969 8.8375 3
12.2395 11.6982 1
2.4460 2.4887 4
7.8732 10.8264 3
11.2718 1.4413 4
11.7822 14.0394 4
2.3786 4.3068 5
3.2866 12.6623 4
7.7237 3.1345 5
13.3453 3.3031 3
4.3659 4.3631 5
2.2443 12.0956 3
9.2486 2.3611 3
7.3529 12.9200 3
11.2649 3.3646 1
2.4423 12.7548 3
8.0882 4.0377 3
8.7910 2.8639 4
9.8468 2.3459 1
14.4506 2.0853 5
3.5645 1.7277 1
12.9377 14.2547 4
3.5643 1.1211 3
9.0602 11.7344 1
8.2934 9.3363 5
2.7782 12.1795 3
8.1929 2.0434 3
14.2638 6.5043 3
8.4351 9.4353 3
7.4044 13.4132 3
9.6639 3.0057 4
13.5243 2.9279 3
0.7269 9.5992 3
12.3723 7.0089 5
3.8116 9.1821 3
6.6037 13.4897 1
8.6578 3.4149 3
14.8682 2.9842 4
1.5570 9.0394 3
12.0907 13.4483 3
4.8084 2.7467 4
8.2213 12.4976 1
10.8676 3.1551 4
8.0162 14.9467 3
11.3258 2.8879 1
11.6172 3.1616 3
2.1324 9.0745 1
2.1950 4.0596 4
7.1939 9.3699 4
14.7949 14.1387 3
1.3085 2.0837 3
7.1751 12.7412 2
9.4278 4.8107 3
7.1098 5.4338 4
8.7204 2.6636 5
3.4653 8.8568 1
8.5788 8.4154 2
2.9443 8.1700 1
7.8908 10.6991 3
9.2551 13.3204 1
9.7760 3.9648 5
13.9125 2.8538 5
2.5908 8.9318 3
13.5974 7.1893 3
2.8627 9.5602 3
12.0360 12.9638 4
2.0261 3.3808 3
7.4201 13.7425 1
9.1379 1.6959 1
13.7476 7.8880 3
10.2622 9.2114 3
4.1962 0.8954 5
1.4380 6.0162 4
14.3578 5.8332 1
3.8588 8.2147 2
2.4072 13.7383 3
8.1276 10.0508 4
11.7441 13.0620 1
2.5606 5.2127 1
3.9207 15.1286 3
9.5273 9.8101 3
11.6832 3.6901 3
3.4014 3.3825 3
7.1151 5.9542 3
8.6801 9.6499 1
2.8136 11.3963 1
8.8618 4.1523 3
12.3470 3.0537 3
9.1951 9.6784 3
12.3696 12.5302 2
7.2487 2.4561 3
13.6897 13.8683 3
8.2638 1.3394 2
12.4665 11.7591 3
3.4167 2.6547 1
13.5654 7.6872 1
11.9266 9.4820 5
4.0332 14.2861 3
0.8572 2.5578 1
13.8523 12.3645 3
1.5632 3.7072 4
1.8923 10.4008 5
10.1122 2.6265 4
13.6876 7.1828 3
3.0289 10.1861 5
12.8594 13.2174 4
2.2383 2.2505 1
12.3364 11.7504 3
2.3882 3.7737 3
11.7199 4.0399 1
2.1856 8.6513 3
13.2956 9.3345 1
6.8880 9.9359 5
11.4947 11.9994 1
7.3097 3.7275 3
12.7790 8.2110 2
3.7878 8.8741 4
14.4175 2.2153 5
3.1044 9.8460 1
3.2549 12.3198 3
7.9631 2.1584 2
12.4196 4.4714 3
2.2218 8.7456 3
4.3501 10.7426 4
6.6126 1.4598 5
6.4829 11.4631 3
10.3767 2.8020 5
11.7251 8.3130 4
2.5905 9.4692 5
4.2801 13.9203 1
7.9655 4.3191 4
3.9664 2.7321 1
8.4925 8.1085 5
14.1652 7.7922 3
4.4430 8.6123 3
14.1150 3.0175 4
9.5415 2.2250 3
3.4889 2.8088 3
8.5981 7.8255 1
6.0522 5.9593 2
10.1673 8.5851 3
12.6526 14.9908 1
1.3794 9.6602 3
11.8539 6.5795 3
0.9223 9.9798 1
12.6850 13.2708 4
3.6827 3.5863 3
13.1346 14.4942 1
12.0839 8.8757 1
13.1553 13.3655 4
3.7897 4.6606 1
13.9582 12.3525 3
9.7020 3.3800 1
12.8157 12.3140 3
4.0906 2.7649 1
8.2691 8.3681 5
10.0883 9.2747 3
2.5203 7.9652 5
8.7930 10.4140 1
12.7930 11.1564 3
8.7569 2.8975 1
3.8210 1.7578 3
8.1536 9.1234 1
12.2347 14.7471 3
2.5791 7.6453 4
12.5233 6.0938 3
3.5438 8.4093 3
7.0834 14.1573 3
11.7265 4.5403 1
8.7255 13.6207 1
11.3820 2.4573 3
12.2883 12.9607 4
1.4233 9.6186 5
12.3151 4.3358 1
3.6129 9.4225 3
12.6312 5.7822 3
2.4064 9.7937 3
14.0631 13.4114 4
6.9394 4.8046 5
12.8871 7.7511 5
9.3713 10.0494 3
14.6266 8.6587 3
3.2869 8.6093 3
4.0941 14.1591 3
7.8266 3.5744 3
7.6577 15.0991 4
9.1025 3.2394 3
4.1254 2.0303 1
8.5619 8.8226 3
13.8519 13.8185 3
7.7185 1.4329 3
13.9207 13.6779 1
9.1788 10.8943 1
13.4159 14.1861 5
1.8690 7.9870 3
7.8951 6.2614 3
10.3748 10.2491 5
13.2769 2.3640 5
3.6328 0.7907 3
7.5152 6.4451 4
9.2506 10.2256 3
4.0557 12.5224 3
8.6902 2.7240 5
12.7114 2.3304 3
3.9768 8.3912 3
2.9195 4.8438 3
8.9878 8.6502 3
14.3616 2.4939 3
9.5395 9.4861 3
11.0270 10.5489 1
10.0554 4.0513 4
6.3912 5.6904 1
11.0377 10.3819 1
14.9394 11.6621 3
10.4704 3.7574 4
6.8009 12.1573 3
10.3030 3.6770 5
15.3090 3.3172 3
6.5551 8.6547 1
13.2096 12.7996 3
7.1796 7.8211 3
7.0632 12.1950 4
10.5068 2.7247 3
13.2811 13.1860 4
2.9032 11.3943 3
4.9429 14.2192 3
7.3300 10.2096 2
10.8818 13.9203 1
5.3635 5.2763 5
2.8675 3.7606 4
2.6269 7.9728 5
7.2954 3.0210 1
9.7352 7.8561 4
6.1163 6.8023 4
10.0980 10.8339 3
8.0387 11.3201 4
8.5678 2.1096 3
13.8800 3.7132 4
6.6061 10.2050 5
6.9465 13.5788 3
9.8552 2.2720 3
13.3683 14.1827 3
3.7397 8.6905 5
14.2810 7.5204 3
1.9034 11.2579 1
7.4474 9.3062 3
10.8441 10.7143 3
7.2001 8.7603 1
8.2558 8.5899 1
13.9399 4.3230 1
2.6356 4.5501 1
12.6421 13.2732 4
3.9300 2.4000 3
13.3077 1.8414 3
3.4543 9.1801 4
2.8229 4.3068 3
8.0392 8.4732 1
12.8714 13.2157 1
3.1517 3.2060 5
14.1423 12.0724 3
2.0298 1.5469 3
14.0000 8.0408 1
2.9269 10.1734 4
12.2173 14.4853 4
2.0772 2.6794 3
13.7906 11.8332 3
3.4202 4.0017 1
12.2972 3.3267 3
3.3499 10.7136 3
7.9550 13.4919 3
10.7203 8.3965 1
5.5589 12.3066 1
10.8824 4.2699 1
12.5265 13.1884 3
9.4845 2.5909 1
13.6158 7.1894 3
2.8594 11.0835 3
5.3685 14.0336 5
2.7985 8.4020 1
8.0696 13.6248 4
11.4997 7.9532 1
2.1691 13.5764 3
7.5629 9.4855 3
13.7532 12.9436 1
2.1444 2.5598 5
3.2482 6.9545 3
9.9703 10.2641 1
11.7209 13.0503 3
2.5579 3.7283 3
12.0497 2.4476 1
3.5906 10.2238 5
13.8707 7.5853 3
1.2612 8.2122 1
8.5263 2.1525 4
8.8706 7.9886 1
10.1354 8.3635 3
3.0587 10.2831 4
12.8140 14.8590 3
4.1329 4.2719 4
13.5832 13.1805 4
8.8677 2.2362 5
13.7238 11.7351 1
9.3040 10.5449 1
11.9066 14.0397 4
3.5927 8.8618 3
14.9100 3.3097 4
4.0608 7.1410 3
13.2547 4.0923 3
4.3586 7.6543 5
8.6075 12.7451 3
9.9785 8.9405 3
6.2170 12.4492 1
10.4221 5.0943 5
3.5144 14.1209 5
10.6470 8.8069 1
13.2086 13.5634 3
2.2762 8.6559 3
11.1528 9.0961 3
3.9737 10.4470 3
3.9615 6.1089 1
9.8778 10.5496 3
13.8477 13.3813 3
2.8648 2.9168 3
3.3191 7.9942 3
9.3994 10.7770 3
12.7844 13.3842 1
8.2084 3.4744 3
7.2707 12.5344 4
10.3791 3.6914 5
13.2637 7.9772 3
3.2266 9.6148 5
12.6417 12.9357 4
2.1259 2.8381 3
14.5055 8.3871 5
3.7174 9.4378 5
7.9020 1.6970 4
9.4199 10.2296 1
11.2948 14.2307 3
3.6313 2.4670 3
15.2709 9.3641 2
8.9669 4.6827 3
14.1510 13.0097 5
3.9686 2.2609 3
13.9038 13.1428 5
9.5064 2.7154 5
3.4521 13.1566 5
3.4323 3.6983 1
12.3818 13.3461 3
2.8488 0.7270 3
13.3270 7.5964 2
2.5793 11.1670 1
6.6073 8.5680 3
10.8672 9.9846 4
12.4888 12.5993 3
2.7817 3.3535 2
12.6120 12.6870 3
2.5105 1.4731 3
6.9173 13.9121 3
11.9559 3.5992 3
13.0860 13.0088 1
3.5983 8.7421 3
7.0711 12.1054 1
8.8654 3.1286 3
4.5124 3.0836 1
9.2879 8.6049 5
13.1412 12.5143 3
9.0747 3.8691 3
12.8495 13.0445 3
2.7071 2.1277 5
12.5234 11.0332 5
7.6261 2.7371 5
7.2910 6.0915 3
11.3412 10.7274 3
4.3614 11.4104 5
9.4597 3.1716 5
4.4617 3.2951 1
1.9205 9.5152 4
11.0246 2.8103 3
3.9370 8.2327 3
13.7612 2.9673 1
3.6109 11.3024 4
13.4271 11.9150 3
6.8096 8.6848 3
13.1244 11.8179 5
7.7133 9.6588 3
6.9147 11.8634 4
9.4435 1.9337 4
14.8822 13.4065 5
2.7237 0.9913 1
13.3661 12.6386 5
1.9155 1.5200 3
6.9659 12.8075 3
9.6304 1.5923 1
14.0138 13.5669 5
3.8298 2.9991 1
7.8963 13.1493 1
11.6117 9.6182 1
11.1904 13.8372 3
1.6094 1.7289 3
8.9459 12.5021 1
8.3546 4.9642 5
12.7095 3.0771 3
2.6877 9.2690 4
12.7482 11.9973 1
8.0461 2.4595 3
7.1612 14.3168 3
8.2023 2.8230 5
4.2249 7.2013 4
9.1304 10.6108 5
7.1699 14.6860 4
11.0093 10.9812 3
3.9328 13.9234 3
2.8374 2.7096 1
13.5066 13.3796 1
1.8773 4.4405 3
12.4868 8.1377 4
4.1079 11.9487 5
12.1127 8.3793 3
10.6464 10.4445 5
5.7794 5.6806 5
9.5479 10.7309 4
11.9411 12.8230 3
4.8011 4.3086 3
2.9994 3.5166 4
9.9672 10.2154 1
14.6484 14.9157 3
3.4235 8.4665 3
14.6213 13.2650 5
3.3760 1.7122 3
6.8864 14.5543 3
7.4788 8.4620 2
12.7146 13.0406 3
4.5625 2.5633 3
8.0821 7.7095 4
11.1426 11.7613 5
7.0449 7.5597 3
8.6921 8.5858 3
14.1505 13.7747 3
8.3960 9.3583 3
11.5227 13.5182 2
2.0904 9.3393 3
1.9998 13.5162 3
1.7311 3.9367 3
14.0173 11.5848 2
8.8160 1.7547 2
12.6191 5.2599 3
9.4009 8.6625 5
14.1302 12.4436 3
9.1500 3.5765 1
13.8702 14.0904 3
3.5225 7.1985 4
13.9652 12.2782 1
3.7882 3.3179 3
13.9119 8.6213 4
3.3542 9.0394 3
12.2059 14.8439 3
3.0440 1.9939 3
10.8727 11.3132 4
2.7264 3.3789 4
6.0826 6.8989 3
9.5355 8.4930 3
7.2591 12.8181 2
10.5466 2.9880 1
7.9588 6.8507 1
8.2361 10.0806 3
6.2513 11.6229 4
10.7230 10.2180 1
3.2573 12.5164 3
9.5596 1.9910 3
11.5958 12.9370 1
9.2596 1.8071 4
3.1020 13.6784 1
7.7734 7.9304 5
12.5660 7.8511 3
3.8219 9.8074 5
11.4915 12.8000 2
8.1379 1.8932 1
7.2846 7.8752 3
10.7322 11.7597 4
12.9506 8.4158 3
9.2546 9.7148 3
13.7031 13.0620 3
9.6427 1.8960 1
12.7864 11.8913 3
3.9022 2.7112 3
14.8930 13.1744 3
2.5467 8.8224 1
12.6855 13.3595 3
2.4450 2.3873 3
7.3345 3.4297 4
10.5357 3.5184 1
7.4585 8.1736 3
11.7483 8.6629 1
13.3376 12.7291 4
9.2255 1.0973 3
7.2484 2.7481 4
9.4767 9.5747 3
6.2707 13.4660 3
8.0569 8.9085 1
12.0007 4.8547 3
4.2522 8.1581 4
13.5873 7.7966 1
3.0677 9.4600 2
11.9108 13.8623 4
7.5155 8.2338 1
8.5696 14.1276 5
9.7334 8.4464 1
14.2899 11.5856 3
1.4762 2.3090 5
6.6559 13.6914 3
8.1596 9.4221 3
3.4322 13.3799 3
8.1489 2.2540 1
12.0451 15.4899 1
2.2534 7.9174 3
12.9376 4.6253 4
2.4923 7.8939 5
2.9011 9.5413 1
8.2932 8.2895 3
12.7959 14.2867 3
4.0566 2.4457 5
1.8016 4.8933 4
9.5383 9.6723 4
12.9439 12.4224 3
3.7721 3.6049 1
13.6353 6.1460 1
8.3392 10.2133 3
7.3941 14.3366 3
9.7388 3.9662 4
12.9612 14.1922 3
4.4718 2.6623 5
12.2422 6.8058 5
2.9529 10.4110 1
8.0418 12.5745 2
9.8145 3.0830 1
13.4431 15.0460 3
3.0354 2.0565 4
13.1789 13.6374 4
0.6890 8.2932 4
4.4371 7.5013 3
1.8130 10.3375 1
13.7754 3.7682 3
2.6044 9.9137 3
12.5654 14.4396 4
10.2469 3.1177 5
3.2731 14.7504 3
7.3789 1.8787 5
14.3864 13.6762 5
10.0722 2.0194 3
12.9646 13.9099 4
2.9344 3.0338 4
7.2105 1.7337 1
8.6049 2.0805 3
12.4073 1.5992 4
3.3083 8.1617 3
13.4659 14.7230 5
3.4544 2.5617 1
8.6741 4.3891 1
10.0046 9.8148 1
12.6153 7.4091 2
2.9685 10.9466 3
12.8570 15.3542 4
2.9848 8.8012 4
14.8272 12.3670 3
9.1287 8.1993 3
8.7030 12.8676 1
9.7580 2.5734 3
13.9020 13.8725 3
1.1361 0.7671 4
13.5037 3.9860 5
2.7422 8.8697 3
8.5752 2.2571 3
12.5309 8.8048 1
11.6750 1.9045 5
2.6236 8.9626 5
14.1521 14.9764 5
8.7864 9.4191 3
12.6313 13.5698 1
3.4062 10.8634 3
13.0141 6.3953 4
1.5578 10.2936 1
14.1939 11.6549 4
9.1064 4.4262 1
7.6842 13.2016 3
8.9576 10.2955 3
14.1710 12.1851 5
3.5577 2.6150 5
7.3639 13.2317 4
8.9009 3.2396 4
13.8017 13.8405 5
10.7119 9.5959 3
12.1751 4.8097 5
2.7997 7.6058 5
2.6325 12.5320 1
7.8324 5.6084 1
12.5135 13.2253 3
2.4901 2.0575 1
8.7186 6.8713 3
10.3899 11.5815 3
13.0676 12.2793 1
3.7110 3.0843 3
13.1003 7.1912 1
2.7879 7.5053 4
13.2218 13.9483 3
10.4167 9.3642 3
13.9237 13.6208 3
9.2414 9.4699 3
12.2086 7.3498 3
4.0195 8.3329 3
3.7796 5.4057 1
9.1873 11.2044 1
12.5081 14.3332 3
0.0810 4.4974 3
13.2135 12.3016 3
10.8295 3.4229 5
8.2409 14.2858 3
9.0613 2.2911 4
12.9823 12.4591 3
2.3672 6.5117 3
12.6588 12.7375 3
0.9214 2.3083 1
13.2777 13.5920 3
9.4811 4.1201 4
12.6649 13.2316 4
9.7898 5.0595 4
11.8735 2.2765 5
2.2158 7.9827 5
13.2762 13.6960 3
8.3799 1.1827 3
8.6229 12.1497 3
9.5577 3.2235 3
3.8867 12.5435 3
9.0121 2.9411 5
12.5866 12.0787 3
4.8125 3.6071 3
12.1122 13.5929 4
9.0817 3.6686 3
12.3860 15.7755 3
3.3831 3.2283 1
15.7026 11.9290 5
8.6632 3.3663 3
1.8246 3.3141 3
8.1154 10.3270 1
0.7432 3.0623 1
8.7680 2.9311 1
11.6646 12.2685 3
2.5747 3.4308 4
8.0101 12.6349 5
8.6806 9.7857 3
13.9774 8.0800 5
2.2388 9.8391 3
14.1806 7.4381 1
9.4370 10.2655 1
3.4384 2.3787 5
8.5219 2.7057 5
14.0330 2.3028 3
10.4804 9.5508 3
7.1233 11.2977 4
11.6271 10.6361 3
13.3662 12.0740 5
2.8601 2.1937 3
2.8636 2.1482 1
2.6041 10.4727 3
5.5244 2.9284 3
8.2072 8.4488 1
13.9029 13.9614 3
9.5167 9.8220 1
13.8482 12.7749 5
2.8006 2.3088 3
14.3144 13.9535 3
1.6624 1.4275 5
2.1544 11.4592 1
9.3658 4.3602 3
10.8983 4.7684 1
2.9145 9.1814 1
2.9205 6.4489 3
10.8073 10.2180 3
6.1595 6.3350 5
10.1529 10.4419 3
14.3581 12.0732 2
2.2189 8.8968 1
11.9149 7.5207 3
2.8874 11.0073 4
11.1825 12.1643 5
1.2053 3.3022 4
12.7816 2.8501 1
3.3125 2.2022 5
14.6751 12.5495 5
2.8976 3.2575 3
13.2267 12.5018 5
9.9032 1.8790 3
13.4398 4.3799 5
4.1331 1.5894 4
12.7315 2.2798 1
1.8253 8.8657 3
13.5946 14.7863 1
2.2180 4.0972 3
1.6160 4.2387 1
4.0398 8.7789 3
3.0458 12.3050 3
3.0281 4.4767 1
11.9246 3.4825 3
3.8318 9.2040 3
7.7214 9.4560 5
9.6564 10.2519 1
11.6300 13.6904 4
8.2874 3.1297 3
12.1113 13.8473 3
2.4957 4.4531 3
6.2203 11.9049 3
9.6762 3.6346 2
1.4316 15.0952 4
9.9757 4.1490 3
14.2542 14.5581 4
4.6150 3.3133 1
14.0346 15.7796 5
8.4767 9.1330 5
3.4640 4.7759 3
3.5901 10.0440 3
3.6441 13.4517 4
7.8482 2.4472 4
12.1204 12.8623 4
4.1223 3.2421 5
6.4386 4.3772 5
9.0788 8.5349 1
3.4382 13.8646 3
7.7397 3.4828 5
3.4274 14.7365 3
8.0536 7.2947 3
12.5939 12.8790 5
2.4346 2.7686 4
12.5016 12.6393 3
9.2515 2.4233 3
12.6628 11.9687 1
3.2143 3.8875 3
13.5113 13.3592 1
8.1948 8.8962 5
13.1311 1.9099 5
2.2700 10.1236 1
12.8151 14.4509 1
3.2537 4.6841 3
8.3175 13.5029 3
9.6314 1.5950 3
13.4219 7.6275 5
3.8837 10.7969 3
12.6977 12.0442 3
3.0466 7.5229 3
12.3562 6.8094 4
3.2973 10.2568 3
8.6201 8.4397 3
9.1519 10.3082 3
13.9058 14.7087 3
3.0298 2.8261 3
12.9437 13.1239 3
2.0437 9.2315 3
12.8495 6.2113 4
2.9454 8.6574 2
7.5817 11.6589 3
11.2715 3.0467 5
10.3156 3.8224 1
9.6197 0.8580 1
14.4920 5.5304 2
4.6583 9.2807 4
4.5358 7.8719 5
1.6116 9.6326 3
4.7110 13.3065 4
9.0379 7.2482 4
11.6539 12.4880 5
8.5540 4.0690 3
14.9439 6.7264 3
9.0056 9.9046 3
12.6188 5.7563 1
2.3206 8.7016 1
13.7576 12.7985 1
3.3506 2.4257 5
14.4066 12.7109 1
3.7155 1.8211 3
13.7436 3.6933 2
2.8490 6.4159 3
11.3414 11.5326 3
3.3402 10.4014 2
11.6319 2.4459 4
2.4366 9.1089 3
2.2601 13.0395 4
9.2593 2.2386 3
3.8172 7.1337 4
8.6846 9.2595 1
4.9329 14.6777 3
7.0402 2.3388 3
11.8939 13.4688 3
3.0451 10.1830 3
3.5223 7.5941 3
2.4358 9.2987 5
7.6463 14.2502 1
9.3838 2.6263 3
11.5648 14.1891 3
2.3650 4.1855 4
6.3130 6.1412 3
10.9138 11.0503 5
7.7678 13.6656 3
8.9104 2.9729 3
7.7871 14.2104 3
10.2712 2.5097 5
8.2012 7.3017 4
10.2866 9.3448 3
13.5549 12.6701 3
1.8294 3.0241 1
8.4659 13.4459 5
10.4580 3.2265 1
3.7282 13.4620 1
8.6723 3.4426 3
14.3792 13.9107 5
2.7842 3.2047 1
12.0692 2.7261 3
3.9138 9.5094 2
6.9532 12.5241 4
9.9479 2.8730 1
14.2824 12.3908 5
9.7930 9.2768 3
4.3378 6.4406 1
2.7031 13.3914 1
14.7009 11.1908 3
8.5623 3.6556 3
9.6293 6.2223 4
9.7301 10.8695 5
15.1122 13.4987 4
9.7858 2.8059 3
8.3942 13.4000 1
11.0648 8.4815 3
6.6953 3.6960 5
10.1021 8.6799 1
8.8109 12.1753 3
8.8148 6.7675 3
2.2528 13.1650 1
8.6954 2.1796 3
12.9045 13.6995 3
9.7315 2.8268 1
7.0869 3.5309 3
10.2778 7.2133 3
7.4756 12.2066 3
9.8361 3.2385 3
13.8693 2.2272 4
2.6943 9.7554 3
2.3179 7.8490 5
7.4810 9.6403 1
12.2255 5.9147 3
2.4564 10.4613 1
12.6994 13.3194 3
10.8459 3.9445 5
12.8097 11.7241 4
3.4053 3.8644 5
12.6387 12.7397 3
1.4667 4.0132 3
12.8602 8.8586 4
4.0870 9.7633 3
2.7882 12.6313 4
7.4886 3.3405 1
11.4130 13.7269 1
3.8820 1.5408 3
6.2374 3.9011 3
9.7964 2.2137 3
11.0092 10.7433 1
10.8879 3.4218 3
12.0525 13.1994 3
4.0267 7.9255 2
12.3957 13.9553 3
1.2661 3.3774 5
12.3516 12.5905 3
3.4797 2.1728 3
